             [38;2;45;38;48m▄▄▄▄▄[48;2;67;64;70m▀▀▀▀▀▀▀▀▀▀▀▀▀▀▀▀▀▀▀[48;2;90;88;98m▀▀▀[49m▄▄▄▄▄▄              [0m
          [38;2;45;38;48m▄▄[48;2;67;64;70m▀▀▀▀▀▀[38;2;67;64;70;48;2;45;38;48m▀▀▀▀▀▀▀▀▀▀▀▀▀▀▀▀▀▀▀[38;2;90;88;98m▀▀▀[38;2;45;38;48;48;2;67;64;70m▀▀▀[48;2;90;88;98m▀▀▀[49m▄▄            [0m
       [38;2;45;38;48;48;2;45;38;48m▀▀▀[38;2;67;64;70;48;2;67;64;70m▀▀▀[38;2;45;38;48;48;2;45;38;48m▀▀[48;2;67;64;70m▀▀▀[38;2;67;64;70m▀▀▀▀▀▀▀▀▀▀▀▀▀▀▀▀▀▀▀[38;2;45;38;48m▀▀▀▀▀▀[38;2;67;64;70;48;2;45;38;48m▀▀▀[38;2;90;88;98;48;2;67;64;70m▀▀[48;2;45;38;48m▀[38;2;45;38;48m▀▀[49m         [0m
      [38;2;45;38;48m▄[38;2;90;88;98;48;2;90;88;98m▀▀▀[38;2;45;38;48;48;2;67;64;70m▀▀[38;2;67;64;70m▀▀▀▀▀▀▀▀▀▀▀▀▀▀▀▀▀▀▀▀▀▀▀▀▀▀▀▀▀▀▀[38;2;45;38;48m▀▀▀[38;2;67;64;70;48;2;45;38;48m▀▀▀[38;2;109;104;108;48;2;90;88;98m▀▀[38;2;45;38;48;48;2;45;38;48m▀▀▀[49m      [0m
    [38;2;45;38;48m▄▄[48;2;109;104;108m▀[38;2;90;88;98;48;2;90;88;98m▀▀[48;2;45;38;48m▀[38;2;109;104;108;48;2;109;104;108m▀▀▀[38;2;67;64;70;48;2;67;64;70m▀▀[38;2;109;104;108;48;2;109;104;108m▀▀▀[38;2;67;64;70;48;2;67;64;70m▀▀▀▀▀▀▀[38;2;109;104;108;48;2;109;104;108m▀▀▀[38;2;67;64;70;48;2;67;64;70m▀▀[38;2;109;104;108;48;2;109;104;108m▀[38;2;67;64;70;48;2;67;64;70m▀▀[38;2;109;104;108;48;2;109;104;108m▀▀▀[38;2;67;64;70;48;2;67;64;70m▀[38;2;109;104;108;48;2;109;104;108m▀▀▀[38;2;67;64;70;48;2;67;64;70m▀▀▀▀▀▀[38;2;45;38;48m▀▀[48;2;45;38;48m▀[38;2;90;88;98m▀▀[38;2;45;38;48;48;2;90;88;98m▀▀▀[49m▄     [0m
   [38;2;45;38;48m▄[48;2;90;88;98m▀▀[38;2;109;104;108m▀[48;2;45;38;48m▀▀[38;2;45;38;48;48;2;67;64;70m▀[38;2;67;64;70m▀▀▀▀▀▀▀▀▀[48;2;45;38;48m▀▀[38;2;45;38;48;48;2;213;162;116m▀[38;2;67;64;70;48;2;67;64;70m▀▀▀▀▀▀▀▀[48;2;45;38;48m▀[48;2;67;64;70m▀▀▀▀▀▀▀▀▀▀▀▀▀▀▀▀▀[38;2;45;38;48;48;2;45;38;48m▀▀▀[38;2;90;88;98;48;2;90;88;98m▀[48;2;109;104;108m▀▀[38;2;45;38;48;48;2;45;38;48m▀[49m▀▀[48;2;45;38;48m▀[49m  [0m
 [38;2;45;38;48m▄▄[48;2;45;38;48m▀[38;2;67;64;70;48;2;67;64;70m▀▀▀[38;2;45;38;48;48;2;45;38;48m▀▀[38;2;67;64;70;48;2;67;64;70m▀▀▀▀▀▀[38;2;45;38;48;48;2;45;38;48m▀[38;2;67;64;70m▀▀▀[38;2;45;38;48;48;2;238;188;134m▀▀[38;2;213;162;116m▀[38;2;45;38;48;48;2;45;38;48m▀▀[38;2;67;64;70;48;2;67;64;70m▀▀▀▀▀▀[38;2;45;38;48;48;2;238;188;134m▀[38;2;67;64;70;48;2;45;38;48m▀▀[48;2;67;64;70m▀[48;2;45;38;48m▀▀[48;2;67;64;70m▀▀▀▀▀▀▀▀▀▀▀▀▀[38;2;90;88;98;48;2;90;88;98m▀▀[48;2;45;38;48m▀[38;2;45;38;48m▀▀▀▀▀[49m [48;2;45;38;48m▀▀[0m
[38;2;45;38;48m▄[48;2;45;38;48m▀▀[38;2;79;77;86;48;2;79;77;86m▀[38;2;67;64;70;48;2;45;38;48m▀▀▀[38;2;45;38;48m▀▀[38;2;67;64;70;48;2;67;64;70m▀▀▀▀[38;2;45;38;48;48;2;45;38;48m▀▀[38;2;213;162;116;48;2;213;162;116m▀[38;2;52;46;59;48;2;52;46;59m▀▀[38;2;45;38;48;48;2;250;217;160m▀[38;2;238;188;134m▀▀[38;2;250;217;160m▀[38;2;238;188;134m▀▀[38;2;45;38;48;48;2;45;38;48m▀[38;2;67;64;70;48;2;67;64;70m▀▀▀▀▀[38;2;238;188;134;48;2;250;217;160m▀[38;2;45;38;48;48;2;238;188;134m▀▀[38;2;67;64;70;48;2;45;38;48m▀[38;2;45;38;48;48;2;213;162;116m▀▀[38;2;67;64;70;48;2;45;38;48m▀[48;2;67;64;70m▀▀▀▀▀▀▀▀▀▀▀[48;2;45;38;48m▀[38;2;90;88;98;48;2;90;88;98m▀▀[38;2;45;38;48m▀[48;2;45;38;48m▀▀▀▀▀[38;2;52;46;59;49m▄▀▀[0m
[38;2;45;38;48;48;2;45;38;48m▀▀▀[38;2;79;77;86;48;2;67;64;70m▀[38;2;45;38;48;48;2;45;38;48m▀▀[48;2;67;64;70m▀[48;2;45;38;48m▀▀[38;2;67;64;70;48;2;67;64;70m▀▀▀[38;2;45;38;48;48;2;45;38;48m▀[38;2;213;162;116;48;2;250;217;160m▀▀[38;2;250;217;160;48;2;45;38;48m▀▀▀▀[48;2;250;217;160m▀▀▀▀▀[38;2;238;188;134m▀[38;2;45;38;48;48;2;238;188;134m▀▀[38;2;67;64;70;48;2;45;38;48m▀[48;2;250;217;160m▀▀[38;2;250;217;160;48;2;45;38;48m▀▀▀[38;2;238;188;134m▀[38;2;250;217;160m▀▀[38;2;213;162;116;48;2;238;188;134m▀[38;2;45;38;48;48;2;45;38;48m▀▀[38;2;67;64;70;48;2;67;64;70m▀▀▀▀[48;2;45;38;48m▀▀[38;2;45;38;48m▀[38;2;67;64;70;48;2;67;64;70m▀▀▀[38;2;45;38;48;48;2;45;38;48m▀▀[38;2;90;88;98;48;2;90;88;98m▀[48;2;45;38;48m▀▀[38;2;52;46;59;48;2;52;46;59m▀[38;2;45;38;48m▀▀[48;2;45;38;48m▀[49m  [0m
[38;2;45;38;48;48;2;45;38;48m▀▀▀▀▀▀[38;2;67;64;70;48;2;67;64;70m▀[38;2;45;38;48;48;2;45;38;48m▀▀[38;2;67;64;70m▀[48;2;67;64;70m▀▀[38;2;45;38;48;48;2;45;38;48m▀[38;2;250;217;160;48;2;250;217;160m▀▀[38;2;236;225;237;48;2;236;225;237m▀[38;2;38;51;89;48;2;38;51;89m▀▀▀[38;2;250;217;160;48;2;250;217;160m▀▀▀▀▀▀▀▀▀▀▀[38;2;236;225;237;48;2;236;225;237m▀[38;2;38;51;89;48;2;38;51;89m▀▀▀▀▀[38;2;250;217;160;48;2;250;217;160m▀[38;2;238;188;134;48;2;238;188;134m▀▀[38;2;45;38;48;48;2;45;38;48m▀[38;2;67;64;70;48;2;67;64;70m▀▀[38;2;45;38;48m▀[48;2;90;88;98m▀▀[48;2;45;38;48m▀[38;2;67;64;70m▀▀[38;2;45;38;48;48;2;90;88;98m▀[38;2;90;88;98m▀▀[38;2;45;38;48;48;2;52;46;59m▀[48;2;67;64;70m▀▀[38;2;67;64;70m▀[38;2;52;46;59;48;2;52;46;59m▀▀[38;2;45;38;48;48;2;45;38;48m▀[49m  [0m
 [38;2;45;38;48;48;2;45;38;48m▀▀▀▀▀[38;2;67;64;70m▀[48;2;67;64;70m▀▀[38;2;45;38;48;48;2;45;38;48m▀[38;2;67;64;70m▀▀[38;2;45;38;48m▀[38;2;250;217;160;48;2;250;217;160m▀▀[38;2;236;225;237;48;2;236;225;237m▀[38;2;25;105;166;48;2;25;105;166m▀▀▀[38;2;250;217;160;48;2;250;217;160m▀▀▀▀▀▀▀▀▀▀▀[38;2;236;225;237;48;2;236;225;237m▀[38;2;25;105;166;48;2;25;105;166m▀▀▀▀▀[38;2;250;217;160;48;2;250;217;160m▀[38;2;238;188;134;48;2;213;162;116m▀▀[38;2;45;38;48;48;2;45;38;48m▀[48;2;90;88;98m▀▀[38;2;90;88;98m▀[48;2;45;38;48m▀▀▀[38;2;67;64;70;48;2;67;64;70m▀▀[38;2;90;88;98;48;2;90;88;98m▀▀▀[38;2;67;64;70;48;2;67;64;70m▀▀▀▀[38;2;52;46;59;48;2;45;38;48m▀▀[38;2;45;38;48m▀[49m  [0m
   [38;2;45;38;48;48;2;45;38;48m▀[49m▀▀[48;2;45;38;48m▀[38;2;67;64;70;48;2;67;64;70m▀▀▀▀▀[38;2;45;38;48;48;2;45;38;48m▀[38;2;238;188;134;48;2;238;188;134m▀▀▀[38;2;250;217;160;48;2;250;217;160m▀▀▀▀▀▀▀▀▀▀▀▀▀▀▀▀▀▀[38;2;238;188;134;48;2;238;188;134m▀▀[48;2;52;46;59m▀[38;2;52;46;59;48;2;90;88;98m▀▀[38;2;90;88;98;48;2;45;38;48m▀[38;2;52;46;59;48;2;52;46;59m▀▀[48;2;67;64;70m▀[38;2;45;38;48m▀▀[48;2;45;38;48m▀[38;2;67;64;70m▀▀[38;2;45;38;48m▀[38;2;67;64;70m▀▀▀▀▀[38;2;45;38;48m▀▀▀[49m▀  [0m
      [38;2;45;38;48;48;2;45;38;48m▀[38;2;67;64;70m▀▀[48;2;67;64;70m▀▀▀[38;2;45;38;48;48;2;45;38;48m▀▀▀[38;2;250;217;160m▀[48;2;250;217;160m▀▀▀▀▀▀▀▀▀▀▀▀▀▀[48;2;45;38;48m▀▀▀[38;2;67;64;70;48;2;52;46;59m▀[38;2;52;46;59;48;2;250;217;160m▀▀[38;2;90;88;98m▀[38;2;250;217;160m▀▀[38;2;45;38;48;48;2;45;38;48m▀[38;2;67;64;70;48;2;67;64;70m▀▀▀[48;2;45;38;48m▀▀[48;2;67;64;70m▀[38;2;45;38;48;48;2;45;38;48m▀▀▀▀▀▀▀▀[49m▀     [0m
       [38;2;45;38;48m▀▀▀[38;2;67;64;70;48;2;45;38;48m▀▀[49m [38;2;45;38;48;48;2;45;38;48m▀▀▀[48;2;52;46;59m▀▀[48;2;45;38;48m▀▀▀[38;2;250;217;160m▀▀▀▀▀▀[48;2;213;162;116m▀▀▀[38;2;45;38;48m▀[48;2;45;38;48m▀▀[38;2;250;217;160m▀▀▀[38;2;45;38;48m▀▀▀▀[38;2;67;64;70;48;2;67;64;70m▀▀[48;2;45;38;48m▀[38;2;45;38;48m▀▀[38;2;67;64;70m▀[38;2;45;38;48m▀▀▀[49m▀▀         [0m
               [38;2;45;38;48m▀  ▄[48;2;45;38;48m▀▀[38;2;209;207;213;48;2;209;207;213m▀[38;2;184;172;187m▀▀[38;2;45;38;48;48;2;45;38;48m▀[38;2;213;162;116;48;2;213;162;116m▀▀[48;2;45;38;48m▀[48;2;209;207;213m▀▀[38;2;45;38;48m▀[38;2;184;172;187m▀▀[38;2;209;207;213m▀[38;2;45;38;48;48;2;45;38;48m▀▀▀[48;2;79;77;86m▀▀[48;2;45;38;48m▀[49m▀▀▀▀▀▀              [0m
               [38;2;45;38;48m▄[48;2;45;38;48m▀▀▀▀▀[38;2;209;207;213;48;2;209;207;213m▀[38;2;236;225;237;48;2;23;60;148m▀▀▀[38;2;45;38;48m▀▀[38;2;236;225;237m▀▀▀[48;2;236;225;237m▀▀▀[38;2;184;172;187;48;2;45;38;48m▀[38;2;45;38;48m▀▀[38;2;90;88;98;48;2;67;64;70m▀[38;2;45;38;48;48;2;45;38;48m▀▀[48;2;213;162;116m▀[48;2;52;46;59m▀▀[48;2;45;38;48m▀[49m▄▄               [0m
             [38;2;45;38;48m▄▄[48;2;52;46;59m▀▀▀[38;2;79;77;86;48;2;79;77;86m▀[38;2;45;38;48;48;2;45;38;48m▀▀[38;2;25;105;166;48;2;25;105;166m▀[38;2;209;207;213;48;2;209;207;213m▀▀[38;2;23;60;148;48;2;23;60;148m▀[38;2;38;51;89m▀▀[38;2;209;207;213m▀[48;2;209;207;213m▀▀[38;2;25;105;166;48;2;25;105;166m▀[38;2;236;225;237;48;2;236;225;237m▀▀[38;2;79;77;86;48;2;79;77;86m▀▀▀[38;2;67;64;70;48;2;250;217;160m▀[38;2;213;162;116;48;2;213;162;116m▀▀[48;2;250;217;160m▀[38;2;250;217;160m▀▀[38;2;45;38;48;48;2;45;38;48m▀▀▀▀[49m              [0m
            [38;2;45;38;48m▄[48;2;67;64;70m▀▀[38;2;52;46;59;48;2;52;46;59m▀[48;2;45;38;48m▀▀[38;2;45;38;48m▀[48;2;67;64;70m▀▀[38;2;209;207;213;48;2;209;207;213m▀[48;2;23;60;148m▀▀[38;2;23;60;148;48;2;236;225;237m▀[38;2;209;207;213m▀▀[38;2;23;60;148;48;2;209;207;213m▀[48;2;23;60;148m▀▀[38;2;236;225;237;48;2;236;225;237m▀[38;2;79;77;86;48;2;90;88;98m▀▀[38;2;45;38;48m▀[48;2;45;38;48m▀▀▀[38;2;213;162;116m▀▀[38;2;250;217;160;48;2;67;64;70m▀[38;2;67;64;70m▀▀[38;2;52;46;59;48;2;90;88;98m▀[38;2;67;64;70;48;2;67;64;70m▀▀[38;2;45;38;48m▀[49m▄▄            [0m
            [38;2;45;38;48;48;2;45;38;48m▀[38;2;67;64;70;48;2;52;46;59m▀▀[38;2;45;38;48;48;2;45;38;48m▀▀▀[48;2;79;77;86m▀[48;2;45;38;48m▀▀[38;2;52;46;59;48;2;52;46;59m▀[38;2;209;207;213m▀▀[38;2;236;225;237m▀▀▀[38;2;209;207;213m▀[38;2;184;172;187m▀▀[38;2;45;38;48;48;2;45;38;48m▀▀▀[38;2;90;88;98m▀[38;2;45;38;48m▀▀[38;2;52;46;59m▀[48;2;52;46;59m▀▀[38;2;45;38;48m▀[38;2;67;64;70;48;2;45;38;48m▀▀[48;2;67;64;70m▀[48;2;90;88;98m▀▀[48;2;67;64;70m▀[38;2;45;38;48m▀▀[49m▄           [0m
          [38;2;45;38;48;48;2;45;38;48m▀▀[38;2;52;46;59;48;2;52;46;59m▀▀▀▀[38;2;45;38;48m▀▀[48;2;90;88;98m▀▀▀[48;2;209;207;213m▀[48;2;52;46;59m▀▀[48;2;45;38;48m▀[38;2;109;104;108;48;2;109;104;108m▀▀[38;2;90;88;98;48;2;90;88;98m▀[38;2;109;104;108;48;2;109;104;108m▀▀[38;2;67;64;70;48;2;67;64;70m▀[38;2;45;38;48;48;2;45;38;48m▀▀[38;2;109;104;108;48;2;90;88;98m▀[38;2;45;38;48;48;2;45;38;48m▀▀[38;2;67;64;70;48;2;67;64;70m▀[38;2;45;38;48;48;2;45;38;48m▀▀[38;2;52;46;59;48;2;52;46;59m▀▀▀[38;2;67;64;70;48;2;45;38;48m▀[48;2;67;64;70m▀▀▀▀▀[38;2;45;38;48;48;2;45;38;48m▀[49m           [0m
         [38;2;45;38;48;48;2;45;38;48m▀[38;2;52;46;59;48;2;52;46;59m▀▀▀[38;2;45;38;48;48;2;45;38;48m▀▀[38;2;52;46;59;48;2;52;46;59m▀[38;2;45;38;48;48;2;45;38;48m▀▀[38;2;209;207;213m▀▀▀▀[38;2;52;46;59m▀▀[38;2;45;38;48m▀[38;2;109;104;108;48;2;109;104;108m▀▀▀▀▀[38;2;67;64;70;48;2;45;38;48m▀[38;2;45;38;48m▀▀[38;2;90;88;98m▀[38;2;45;38;48m▀▀[38;2;67;64;70;48;2;67;64;70m▀▀▀▀[38;2;52;46;59;48;2;45;38;48m▀▀▀▀▀[38;2;45;38;48m▀[49m▀▀            [0m
         [38;2;250;217;160;48;2;250;217;160m▀[38;2;213;162;116;48;2;213;162;116m▀▀[38;2;45;38;48;48;2;52;46;59m▀▀▀[38;2;79;77;86;48;2;79;77;86m▀[38;2;45;38;48;48;2;45;38;48m▀▀[38;2;90;88;98;48;2;90;88;98m▀▀▀[38;2;45;38;48;48;2;45;38;48m▀[38;2;79;77;86;48;2;90;88;98m▀▀[38;2;90;88;98m▀[38;2;45;38;48;48;2;45;38;48m▀▀▀[38;2;67;64;70;48;2;90;88;98m▀▀[38;2;79;77;86m▀[38;2;45;38;48;48;2;45;38;48m▀▀[38;2;67;64;70;48;2;67;64;70m▀[38;2;52;46;59;48;2;45;38;48m▀▀[38;2;67;64;70m▀[38;2;90;88;98m▀▀[38;2;67;64;70;48;2;67;64;70m▀[38;2;45;38;48m▀▀[38;2;67;64;70m▀[38;2;90;88;98;48;2;90;88;98m▀▀[38;2;67;64;70;48;2;67;64;70m▀[38;2;45;38;48;48;2;45;38;48m▀▀[49m            [0m
         [38;2;52;46;59m▀▀▀[48;2;45;38;48m▀[48;2;52;46;59m▀▀[38;2;67;64;70m▀[38;2;45;38;48;48;2;45;38;48m▀▀[38;2;90;88;98;48;2;90;88;98m▀▀▀[38;2;45;38;48;48;2;45;38;48m▀[38;2;90;88;98;48;2;90;88;98m▀▀▀[38;2;45;38;48;48;2;45;38;48m▀▀▀[38;2;109;104;108;48;2;90;88;98m▀▀[38;2;90;88;98m▀[38;2;45;38;48;48;2;45;38;48m▀▀[38;2;67;64;70;48;2;67;64;70m▀[38;2;45;38;48;48;2;45;38;48m▀▀[38;2;90;88;98;48;2;90;88;98m▀▀▀[48;2;67;64;70m▀[38;2;45;38;48;48;2;45;38;48m▀▀[38;2;52;46;59;48;2;52;46;59m▀[38;2;67;64;70;48;2;79;77;86m▀▀[48;2;67;64;70m▀[38;2;45;38;48;48;2;45;38;48m▀▀[49m            [0m
             [38;2;52;46;59;48;2;52;46;59m▀▀▀▀▀[38;2;45;38;48;48;2;45;38;48m▀[48;2;67;64;70m▀▀▀[48;2;45;38;48m▀▀[48;2;67;64;70m▀▀▀▀▀▀[48;2;45;38;48m▀[38;2;52;46;59;48;2;67;64;70m▀▀▀▀▀[38;2;45;38;48;48;2;45;38;48m▀[38;2;52;46;59;48;2;79;77;86m▀▀[38;2;67;64;70;48;2;45;38;48m▀[38;2;45;38;48m▀▀[38;2;52;46;59m▀▀▀[49m▀              [0m
               [38;2;52;46;59m▀[38;2;45;38;48m▀▀[48;2;45;38;48m▀[48;2;213;162;116m▀▀▀▀▀[48;2;45;38;48m▀[49m▀▀▀▀▀[48;2;45;38;48m▀[48;2;213;162;116m▀▀▀▀▀▀[48;2;45;38;48m▀▀[49m▀▀▀                  [0m
                  [38;2;45;38;48;48;2;45;38;48m▀[38;2;213;162;116;48;2;67;64;70m▀▀▀[48;2;45;38;48m▀▀[38;2;45;38;48m▀[49m     [48;2;45;38;48m▀[38;2;213;162;116m▀▀[38;2;238;188;134;48;2;67;64;70m▀▀▀[48;2;45;38;48m▀[38;2;45;38;48m▀▀[49m                     [0m
               [38;2;45;38;48m▄▄▄[48;2;45;38;48m▀[38;2;67;64;70;48;2;67;64;70m▀▀▀▀▀[38;2;45;38;48;48;2;45;38;48m▀[49m     [48;2;45;38;48m▀▀▀[38;2;67;64;70;48;2;67;64;70m▀▀▀▀[38;2;45;38;48;48;2;45;38;48m▀▀[49m                     [0m
         [38;2;184;172;187m▀▀▀[48;2;184;172;187m▀▀▀[38;2;45;38;48m▀▀▀▀▀▀▀▀▀▀[38;2;184;172;187m▀▀▀▀▀[38;2;45;38;48m▀▀▀▀▀▀▀▀▀[38;2;184;172;187m▀▀▀▀▀▀[49m▀▀▀            [0m
